1961	3
0	0	1
0	2	0
2	0	2
2	0	3
0	2	0
5	0	4
5	0	5
0	0	6
0	1	0
9	2	0
10	1	0
11	1	0
12	0	7
0	0	8
0	0	9
0	0	10
0	0	11
0	0	12
0	0	13
0	0	14
0	0	15
0	0	16
0	0	17
0	2	0
24	2	0
25	0	18
0	2	0
27	0	19
0	2	0
29	0	20
29	0	21
29	0	22
29	0	23
29	0	24
29	0	25
29	0	26
29	0	27
29	0	28
29	0	29
29	0	30
29	0	31
29	0	32
29	0	33
29	0	34
29	0	35
29	0	36
29	0	37
29	0	38
29	0	39
29	0	40
29	0	41
29	0	42
29	0	43
29	0	44
29	0	45
29	0	46
29	0	47
29	0	48
29	0	49
29	0	50
29	0	51
29	0	52
29	0	53
29	0	54
29	0	55
29	0	56
29	0	57
29	0	58
29	0	59
29	0	60
29	0	61
0	0	62
0	0	63
0	0	64
0	1	0
75	0	65
0	2	0
77	0	66
77	0	67
0	2	0
80	0	68
0	0	69
0	0	70
0	2	0
84	0	71
0	0	72
0	0	73
0	0	74
0	0	74
0	0	74
0	0	74
0	0	74
0	2	0
93	2	0
94	0	75
0	2	0
96	0	76
0	2	0
98	0	77
98	0	78
98	0	79
98	0	80
98	0	81
98	1	0
104	2	0
105	2	0
106	2	0
107	0	82
98	0	83
98	0	84
98	0	85
98	0	86
0	0	87
0	2	0
114	2	0
115	0	88
0	0	89
0	0	90
0	0	91
0	0	92
0	2	0
121	0	93
121	0	94
121	0	95
121	0	96
121	0	97
0	0	98
0	2	0
128	0	99
0	0	100
0	2	0
131	0	101
0	2	0
133	0	102
0	0	103
0	2	0
136	0	104
0	2	0
138	2	0
139	0	105
0	2	0
141	0	106
0	0	107
0	0	108
0	0	109
0	2	0
146	0	110
0	0	111
0	2	0
149	0	112
0	0	113
0	2	0
152	0	114
0	2	0
154	0	115
154	0	116
154	0	117
154	0	118
154	0	119
154	0	120
154	0	121
0	2	0
162	0	122
0	0	123
0	0	124
0	0	125
0	0	126
0	0	127
0	0	127
0	1	0
170	2	0
171	0	128
0	0	129
0	0	130
0	0	131
0	0	132
0	0	133
0	0	134
0	0	135
0	0	136
0	0	137
0	0	138
0	0	139
0	0	140
0	0	141
0	2	0
186	0	142
0	1	0
188	2	0
189	0	143
0	0	144
0	2	0
192	0	145
0	0	146
0	2	0
195	2	0
196	0	147
0	1	0
198	2	0
199	0	148
0	0	149
0	0	150
0	2	0
203	0	151
0	2	0
205	0	152
205	0	153
205	0	154
205	0	155
205	0	156
0	2	0
211	0	157
211	0	158
211	0	159
211	0	160
0	0	161
0	2	0
217	0	162
217	0	163
217	0	164
217	0	165
217	0	166
217	0	167
217	0	168
217	0	169
217	0	170
217	0	171
217	0	172
217	0	173
217	0	174
217	0	175
217	0	176
217	0	177
217	0	178
217	0	179
217	0	180
217	0	181
217	0	182
217	0	183
217	0	184
217	0	185
217	0	186
217	0	187
217	0	188
217	0	189
217	0	190
217	0	191
217	0	192
217	0	193
0	2	0
250	0	194
250	0	195
250	0	196
250	0	197
250	0	198
250	0	199
250	0	200
250	0	201
250	0	202
250	0	203
250	0	204
250	0	205
250	0	206
250	0	207
250	0	208
250	0	209
250	0	210
250	0	211
250	0	212
250	0	213
250	0	214
250	0	215
250	0	216
250	0	217
250	0	218
250	0	219
250	0	220
250	0	221
250	0	222
250	0	223
250	0	224
250	0	225
250	0	226
250	0	227
250	0	228
250	0	229
250	0	230
250	0	231
250	0	232
250	0	233
250	0	234
250	0	235
250	0	236
250	0	237
250	0	238
250	0	239
250	0	240
250	0	241
250	0	242
250	0	243
250	0	244
250	0	245
250	0	246
250	0	247
250	0	248
250	0	249
250	0	250
250	0	251
250	0	252
250	0	253
250	0	254
250	0	255
250	0	256
250	0	257
250	0	258
250	0	259
250	0	260
250	0	261
250	0	262
250	0	263
250	0	264
250	0	265
250	0	266
250	0	267
250	0	268
250	0	269
250	0	270
250	0	271
250	0	272
250	0	273
250	0	274
250	0	275
250	0	276
250	0	277
250	0	278
250	0	279
250	0	280
250	0	281
250	0	282
250	0	283
250	0	284
250	0	285
250	0	286
250	0	287
250	0	288
250	0	289
250	0	290
250	0	291
250	0	292
250	0	293
250	0	294
250	0	295
250	0	296
250	0	297
250	0	298
250	0	299
250	0	300
250	0	301
250	0	302
250	0	303
250	0	304
250	0	305
250	0	306
250	0	307
250	0	308
250	0	309
250	0	310
250	0	311
250	0	312
250	0	313
250	0	314
250	0	315
250	0	316
250	0	317
250	0	318
250	0	319
250	0	320
250	0	321
250	0	322
250	0	323
250	0	324
250	0	325
250	0	326
250	0	327
250	0	328
250	0	329
250	0	330
250	0	331
250	0	332
250	0	333
250	0	334
250	0	335
250	0	336
250	0	337
250	0	338
250	0	339
250	0	340
250	0	341
250	0	342
250	0	343
250	0	344
250	0	345
250	0	346
250	0	347
250	0	348
250	0	349
250	0	350
250	0	351
250	0	352
250	0	353
250	0	354
250	0	355
250	0	356
250	0	357
250	0	358
250	0	359
250	0	360
250	0	361
250	0	362
250	0	363
250	0	364
250	0	365
250	0	366
250	0	367
250	0	368
250	0	369
250	0	370
250	0	371
217	0	372
217	0	373
217	0	374
217	0	375
217	0	376
217	0	377
217	0	378
217	0	379
217	0	380
217	0	381
217	0	382
217	0	383
217	0	384
217	0	385
217	0	386
217	0	387
217	0	388
217	0	389
217	0	390
217	0	391
217	0	392
217	0	393
217	0	394
217	0	395
217	0	396
217	0	397
217	0	398
217	0	399
217	0	400
217	0	401
217	0	402
217	0	403
217	0	404
217	0	405
217	0	406
217	0	407
217	0	408
217	0	409
217	0	410
217	0	411
217	0	412
217	0	413
217	0	414
217	0	415
217	0	416
217	0	417
217	0	418
217	0	419
217	0	420
217	0	421
217	0	422
217	0	423
217	0	424
217	0	425
217	0	426
217	0	427
217	0	428
217	0	429
217	0	430
217	0	431
217	0	432
217	0	433
217	0	434
217	0	435
217	0	436
217	0	437
217	0	438
217	0	439
217	0	440
217	0	441
217	0	442
217	0	443
217	0	444
217	0	445
217	0	446
217	0	447
217	0	448
217	0	449
217	0	450
217	0	451
217	0	452
217	0	453
217	0	454
217	0	455
217	0	456
217	0	457
217	0	458
217	0	459
217	0	460
217	0	461
217	0	462
217	0	463
217	0	464
217	0	465
217	0	466
217	0	467
217	0	468
217	0	469
217	0	470
217	0	471
217	0	472
217	0	473
217	0	474
217	0	475
217	0	476
217	0	477
217	0	478
217	0	479
217	0	480
217	0	481
217	0	482
217	0	483
217	0	484
217	0	485
217	0	486
217	0	487
217	0	488
217	0	489
217	0	490
217	0	491
217	0	492
217	0	493
217	0	494
217	0	495
217	0	496
217	0	497
217	0	498
217	0	499
217	0	500
217	0	501
217	0	502
217	0	503
217	0	504
217	0	505
217	0	506
217	0	507
217	0	508
217	0	509
217	0	510
217	0	511
217	0	512
217	0	513
217	0	514
217	0	515
217	0	516
217	0	517
217	0	518
217	0	519
217	0	520
217	0	521
217	0	522
217	0	523
217	0	524
217	0	525
217	0	526
217	0	527
217	0	528
217	0	529
217	0	530
217	0	531
217	0	532
217	0	533
217	0	534
217	0	535
217	0	536
217	0	537
217	0	538
217	0	539
217	0	540
217	0	541
217	0	542
217	0	543
217	0	544
217	0	545
217	0	546
217	0	547
217	0	548
217	0	549
217	0	550
217	0	551
217	0	552
217	0	553
217	0	554
217	0	555
217	0	556
217	0	557
217	0	558
217	0	559
217	0	560
217	0	561
217	0	562
217	0	563
217	0	564
217	0	565
217	0	566
217	0	567
217	0	568
217	0	569
217	0	570
217	0	571
217	0	572
217	0	573
217	0	574
217	0	575
217	0	576
217	0	577
217	0	578
217	0	579
217	0	580
217	0	581
217	0	582
217	0	583
217	0	584
217	0	585
217	0	586
217	0	587
217	0	588
217	0	589
217	0	590
217	0	591
217	0	592
217	0	593
217	0	594
217	0	595
217	0	596
217	0	597
217	0	598
217	0	599
217	0	600
217	0	601
217	0	602
217	0	603
217	0	604
217	0	605
217	0	606
217	0	607
217	0	608
217	0	609
217	0	610
217	0	611
217	0	612
217	0	613
217	0	614
217	0	615
217	0	616
217	0	617
217	0	618
217	0	619
217	0	620
217	0	621
217	0	622
217	0	623
217	0	624
217	0	625
217	0	626
217	0	627
217	0	628
217	0	629
217	0	630
217	0	631
217	0	632
217	0	633
217	0	634
217	0	635
217	0	636
217	0	637
217	0	638
217	0	639
217	0	640
217	0	641
217	0	642
217	0	643
217	0	644
217	0	645
217	0	646
217	0	647
217	0	648
217	0	649
217	0	650
217	0	651
217	0	652
217	0	653
217	0	654
217	0	655
217	0	656
217	0	657
217	0	658
217	0	659
217	0	660
217	0	661
217	0	662
217	0	663
217	0	664
217	0	665
217	0	666
217	0	667
217	0	668
217	0	669
217	0	670
217	0	671
217	0	672
217	0	673
217	0	674
217	0	675
217	0	676
217	0	677
217	0	678
217	0	679
217	0	680
217	0	681
217	0	682
217	0	683
217	0	684
217	0	685
217	0	686
217	0	687
217	0	688
217	0	689
217	0	690
217	0	691
217	0	692
217	0	693
217	0	694
217	0	695
217	0	696
217	0	697
217	0	698
217	0	699
217	0	700
217	0	701
217	0	702
217	0	703
217	0	704
217	0	705
217	0	706
217	0	707
217	0	708
217	0	709
217	0	710
217	0	711
217	0	712
217	0	713
217	0	714
217	0	715
217	0	716
217	0	717
217	0	718
217	0	719
0	2	0
777	1	0
778	2	0
779	0	720
777	0	721
777	1	0
782	2	0
783	0	722
777	0	723
777	1	0
786	2	0
787	0	724
777	0	725
777	1	0
790	2	0
791	0	726
777	0	727
777	1	0
794	2	0
795	0	728
777	0	729
777	1	0
798	2	0
799	0	730
777	0	731
777	1	0
802	2	0
803	0	732
777	0	733
777	1	0
806	2	0
807	0	734
777	0	735
777	1	0
810	2	0
811	0	736
777	0	737
777	1	0
814	2	0
815	0	738
777	0	739
777	1	0
818	2	0
819	0	740
777	0	741
777	1	0
822	2	0
823	0	742
777	0	743
777	1	0
826	2	0
827	0	744
777	0	745
777	1	0
830	2	0
831	0	746
777	0	747
777	1	0
834	2	0
835	0	748
777	0	749
777	1	0
838	2	0
839	0	750
777	0	751
839	0	752
777	0	753
777	1	0
844	2	0
845	0	754
777	0	755
777	1	0
848	2	0
849	0	756
777	0	757
777	1	0
852	2	0
853	0	758
777	0	759
777	1	0
856	2	0
857	0	760
777	0	761
777	1	0
860	2	0
861	0	762
777	0	763
777	1	0
864	2	0
865	0	764
777	0	765
777	1	0
868	2	0
869	0	766
777	0	767
777	1	0
872	2	0
873	0	768
777	0	769
777	1	0
876	2	0
877	0	770
777	0	771
777	1	0
880	2	0
881	0	772
777	0	773
777	1	0
884	2	0
885	0	774
777	0	775
777	1	0
888	2	0
889	0	776
777	0	777
777	1	0
892	2	0
893	0	778
777	0	779
777	1	0
896	2	0
897	0	780
777	0	781
777	1	0
900	2	0
901	0	782
777	0	783
777	1	0
904	2	0
905	0	784
777	0	785
777	1	0
908	2	0
909	0	786
777	0	787
777	1	0
912	2	0
913	0	788
777	0	789
777	1	0
916	2	0
917	0	790
777	0	791
777	1	0
920	2	0
921	0	792
777	0	793
777	1	0
924	2	0
925	0	794
777	0	795
777	1	0
928	2	0
929	0	796
777	0	797
777	1	0
932	2	0
933	0	798
777	0	799
777	1	0
936	2	0
937	0	800
777	0	801
777	1	0
940	2	0
941	0	802
777	0	803
777	1	0
944	2	0
945	0	804
777	0	805
777	1	0
948	2	0
949	0	806
777	0	807
777	1	0
952	2	0
953	0	808
777	0	809
777	1	0
956	2	0
957	0	810
777	0	811
777	1	0
960	2	0
961	0	812
777	0	813
777	1	0
964	2	0
965	0	814
777	0	815
777	1	0
968	2	0
969	0	816
777	0	817
777	1	0
972	2	0
973	0	818
777	0	819
777	1	0
976	2	0
977	0	820
777	0	821
777	1	0
980	2	0
981	0	822
777	0	823
777	1	0
984	2	0
985	0	824
777	0	825
777	1	0
988	2	0
989	0	826
777	0	827
777	1	0
992	2	0
993	0	828
777	0	829
777	1	0
996	2	0
997	0	830
777	0	831
777	1	0
1000	2	0
1001	0	832
777	0	833
777	1	0
1004	2	0
1005	0	834
777	0	835
777	1	0
1008	2	0
1009	0	836
777	0	837
777	1	0
1012	2	0
1013	0	838
777	0	839
777	1	0
1016	2	0
1017	0	840
777	0	841
777	1	0
1020	2	0
1021	0	842
777	0	843
777	1	0
1024	2	0
1025	0	844
777	0	845
777	1	0
1028	2	0
1029	0	846
777	0	847
777	1	0
1032	2	0
1033	0	848
777	0	849
777	1	0
1036	2	0
1037	0	850
777	0	851
777	1	0
1040	2	0
1041	0	852
777	0	853
777	1	0
1044	2	0
1045	0	854
777	0	855
777	1	0
1048	2	0
1049	0	856
777	0	857
777	1	0
1052	2	0
1053	0	858
777	0	859
777	1	0
1056	2	0
1057	0	860
777	0	861
777	1	0
1060	2	0
1061	0	862
777	0	863
777	1	0
1064	2	0
1065	0	864
777	0	865
777	1	0
1068	2	0
1069	0	866
777	0	867
777	1	0
1072	2	0
1073	0	868
777	0	869
777	1	0
1076	2	0
1077	0	870
777	0	871
777	1	0
1080	2	0
1081	0	872
777	0	873
777	1	0
1084	2	0
1085	0	874
777	0	875
777	1	0
1088	2	0
1089	0	876
777	0	877
777	1	0
1092	2	0
1093	0	878
777	0	879
777	1	0
1096	2	0
1097	0	880
777	0	881
777	1	0
1100	2	0
1101	0	882
777	0	883
777	1	0
1104	2	0
1105	0	884
777	0	885
777	1	0
1108	2	0
1109	0	886
777	0	887
777	1	0
1112	2	0
1113	0	888
777	0	889
777	1	0
1116	2	0
1117	0	890
777	0	891
777	1	0
1120	2	0
1121	0	892
777	0	893
777	1	0
1124	2	0
1125	0	894
777	0	895
777	1	0
1128	2	0
1129	0	896
777	0	897
777	1	0
1132	2	0
1133	0	898
777	0	899
777	1	0
1136	2	0
1137	0	900
777	0	901
777	1	0
1140	2	0
1141	0	902
777	0	903
777	1	0
1144	2	0
1145	0	904
777	0	905
777	1	0
1148	2	0
1149	0	906
777	0	907
777	1	0
1152	2	0
1153	0	908
777	0	909
777	1	0
1156	2	0
1157	0	910
777	0	911
777	1	0
1160	2	0
1161	0	912
777	0	913
777	1	0
1164	2	0
1165	0	914
777	0	915
777	1	0
1168	2	0
1169	0	916
777	0	917
777	1	0
1172	2	0
1173	0	918
777	0	919
777	1	0
1176	2	0
1177	0	920
777	0	921
777	1	0
1180	2	0
1181	0	922
777	0	923
777	1	0
1184	2	0
1185	0	924
777	0	925
777	1	0
1188	2	0
1189	0	926
777	0	927
777	1	0
1192	2	0
1193	0	928
777	0	929
777	1	0
1196	2	0
1197	0	930
777	0	931
777	1	0
1200	2	0
1201	0	932
777	0	933
777	1	0
1204	2	0
1205	0	934
777	0	935
777	1	0
1208	2	0
1209	0	936
777	0	937
777	1	0
1212	2	0
1213	0	938
777	0	939
777	1	0
1216	2	0
1217	0	940
777	0	941
777	1	0
1220	2	0
1221	0	942
777	0	943
777	1	0
1224	2	0
1225	0	944
777	0	945
777	1	0
1228	2	0
1229	0	946
777	0	947
777	1	0
1232	2	0
1233	0	948
777	0	949
777	1	0
1236	2	0
1237	0	950
777	0	951
777	1	0
1240	2	0
1241	0	952
777	0	953
777	1	0
1244	2	0
1245	0	954
777	0	955
777	1	0
1248	2	0
1249	0	956
777	0	957
777	1	0
1252	2	0
1253	0	958
777	0	959
777	1	0
1256	2	0
1257	0	960
777	0	961
777	1	0
1260	2	0
1261	0	962
777	0	963
777	1	0
1264	2	0
1265	0	964
777	0	965
777	1	0
1268	2	0
1269	0	966
777	0	967
777	1	0
1272	2	0
1273	0	968
777	0	969
777	1	0
1276	2	0
1277	0	970
777	0	971
777	1	0
1280	2	0
1281	0	972
777	0	973
777	1	0
1284	2	0
1285	0	974
777	0	975
777	1	0
1288	2	0
1289	0	976
777	0	977
777	1	0
1292	2	0
1293	0	978
777	0	979
777	1	0
1296	2	0
1297	0	980
777	0	981
777	1	0
1300	2	0
1301	0	982
777	0	983
777	1	0
1304	2	0
1305	0	984
777	0	985
777	1	0
1308	2	0
1309	0	986
777	0	987
777	1	0
1312	2	0
1313	0	988
777	0	989
777	1	0
1316	2	0
1317	0	990
777	0	991
777	1	0
1320	2	0
1321	0	992
777	0	993
777	1	0
1324	2	0
1325	0	994
777	0	995
777	1	0
1328	2	0
1329	0	996
777	0	997
777	1	0
1332	2	0
1333	0	998
777	0	999
777	1	0
1336	2	0
1337	0	1000
777	0	1001
777	1	0
1340	2	0
1341	0	1002
777	0	1003
777	1	0
1344	2	0
1345	0	1004
777	0	1005
777	1	0
1348	2	0
1349	0	1006
777	0	1007
777	1	0
1352	2	0
1353	0	1008
777	0	1009
777	1	0
1356	2	0
1357	0	1010
777	0	1011
777	1	0
1360	2	0
1361	0	1012
777	0	1013
777	1	0
1364	2	0
1365	0	1014
777	0	1015
777	1	0
1368	2	0
1369	0	1016
777	0	1017
777	1	0
1372	2	0
1373	0	1018
777	0	1019
777	1	0
1376	2	0
1377	0	1020
777	0	1021
777	1	0
1380	2	0
1381	0	1022
777	0	1023
777	1	0
1384	2	0
1385	0	1024
777	0	1025
777	1	0
1388	2	0
1389	0	1026
777	0	1027
777	1	0
1392	2	0
1393	0	1028
777	0	1029
777	1	0
1396	2	0
1397	0	1030
777	0	1031
777	1	0
1400	2	0
1401	0	1032
777	0	1033
777	1	0
1404	2	0
1405	0	1034
777	0	1035
777	1	0
1408	2	0
1409	0	1036
777	0	1037
777	1	0
1412	2	0
1413	0	1038
777	0	1039
777	1	0
1416	2	0
1417	0	1040
777	0	1041
777	1	0
1420	2	0
1421	0	1042
777	0	1043
777	1	0
1424	2	0
1425	0	1044
777	0	1045
777	1	0
1428	2	0
1429	0	1046
777	0	1047
777	1	0
1432	2	0
1433	0	1048
777	0	1049
777	1	0
1436	2	0
1437	0	1050
777	0	1051
777	1	0
1440	2	0
1441	0	1052
777	0	1053
777	1	0
1444	2	0
1445	0	1054
777	0	1055
777	1	0
1448	2	0
1449	0	1056
777	0	1057
777	1	0
1452	2	0
1453	0	1058
777	0	1059
777	1	0
1456	2	0
1457	0	1060
777	0	1061
777	1	0
1460	2	0
1461	0	1062
777	0	1063
777	1	0
1464	2	0
1465	0	1064
777	0	1065
777	1	0
1468	2	0
1469	0	1066
777	0	1067
777	1	0
1472	2	0
1473	0	1068
777	0	1069
777	1	0
1476	2	0
1477	0	1070
777	0	1071
777	1	0
1480	2	0
1481	0	1072
777	0	1073
777	1	0
1484	2	0
1485	0	1074
777	0	1075
777	1	0
1488	2	0
1489	0	1076
777	0	1077
1489	0	1078
777	0	1079
777	1	0
1494	2	0
1495	0	1080
777	0	1081
777	1	0
1498	2	0
1499	0	1082
777	0	1083
777	1	0
1502	2	0
1503	0	1084
777	0	1085
777	1	0
1506	2	0
1507	0	1086
777	0	1087
777	1	0
1510	2	0
1511	0	1088
777	0	1089
777	1	0
1514	2	0
1515	0	1090
777	0	1091
777	1	0
1518	2	0
1519	0	1092
777	0	1093
777	1	0
1522	2	0
1523	0	1094
777	0	1095
777	1	0
1526	2	0
1527	0	1096
777	0	1097
777	1	0
1530	2	0
1531	0	1098
777	0	1099
777	1	0
1534	2	0
1535	0	1100
777	0	1101
777	1	0
1538	2	0
1539	0	1102
777	0	1103
777	1	0
1542	2	0
1543	0	1104
777	0	1105
777	1	0
1546	2	0
1547	0	1106
777	0	1107
777	1	0
1550	2	0
1551	0	1108
777	0	1109
777	1	0
1554	2	0
1555	0	1110
777	0	1111
777	1	0
1558	2	0
1559	0	1112
777	0	1113
777	1	0
1562	2	0
1563	0	1114
777	0	1115
777	1	0
1566	2	0
1567	0	1116
777	0	1117
777	1	0
1570	2	0
1571	0	1118
777	0	1119
777	1	0
1574	2	0
1575	0	1120
777	0	1121
777	1	0
1578	2	0
1579	0	1122
777	0	1123
777	1	0
1582	2	0
1583	0	1124
777	0	1125
777	1	0
1586	2	0
1587	0	1126
777	0	1127
777	1	0
1590	2	0
1591	0	1128
777	0	1129
777	1	0
1594	2	0
1595	0	1130
777	0	1131
777	1	0
1598	2	0
1599	0	1132
777	0	1133
777	1	0
1602	2	0
1603	0	1134
777	0	1135
777	1	0
1606	2	0
1607	0	1136
777	0	1137
777	1	0
1610	2	0
1611	0	1138
777	0	1139
777	1	0
1614	2	0
1615	0	1140
777	0	1141
777	1	0
1618	2	0
1619	0	1142
777	0	1143
777	1	0
1622	2	0
1623	0	1144
777	0	1145
777	1	0
1626	2	0
1627	0	1146
777	0	1147
777	1	0
1630	2	0
1631	0	1148
777	0	1149
777	1	0
1634	2	0
1635	0	1150
777	0	1151
777	1	0
1638	2	0
1639	0	1152
777	0	1153
777	1	0
1642	2	0
1643	0	1154
777	0	1155
777	1	0
1646	2	0
1647	0	1156
777	0	1157
777	1	0
1650	2	0
1651	0	1158
777	0	1159
777	1	0
1654	2	0
1655	0	1160
777	0	1161
777	1	0
1658	2	0
1659	0	1162
777	0	1163
777	1	0
1662	2	0
1663	0	1164
777	0	1165
777	1	0
1666	2	0
1667	0	1166
777	0	1167
1667	0	1168
777	0	1169
777	1	0
1672	2	0
1673	0	1170
777	0	1171
777	1	0
1676	2	0
1677	0	1172
777	0	1173
777	1	0
1680	2	0
1681	0	1174
777	0	1175
777	1	0
1684	2	0
1685	0	1176
777	0	1177
777	1	0
1688	2	0
1689	0	1178
777	0	1179
777	1	0
1692	2	0
1693	0	1180
777	0	1181
777	1	0
1696	2	0
1697	0	1182
777	0	1183
777	1	0
1700	2	0
1701	0	1184
777	0	1185
777	1	0
1704	2	0
1705	0	1186
777	0	1187
777	1	0
1708	2	0
1709	0	1188
777	0	1189
777	1	0
1712	2	0
1713	0	1190
777	0	1191
777	1	0
1716	2	0
1717	0	1192
777	0	1193
777	1	0
1720	2	0
1721	0	1194
777	0	1195
777	1	0
1724	2	0
1725	0	1196
777	0	1197
777	1	0
1728	2	0
1729	0	1198
777	0	1199
777	1	0
1732	2	0
1733	0	1200
777	0	1201
777	1	0
1736	2	0
1737	0	1202
777	0	1203
777	1	0
1740	2	0
1741	0	1204
777	0	1205
777	1	0
1744	2	0
1745	0	1206
777	0	1207
777	1	0
1748	2	0
1749	0	1208
777	0	1209
777	1	0
1752	2	0
1753	0	1210
777	0	1211
777	1	0
1756	2	0
1757	0	1212
777	0	1213
777	1	0
1760	2	0
1761	0	1214
777	0	1215
777	1	0
1764	2	0
1765	0	1216
777	0	1217
777	1	0
1768	2	0
1769	0	1218
777	0	1219
777	1	0
1772	2	0
1773	0	1220
777	0	1221
777	1	0
1776	2	0
1777	0	1222
777	0	1223
777	1	0
1780	2	0
1781	0	1224
777	0	1225
777	1	0
1784	2	0
1785	0	1226
777	0	1227
777	1	0
1788	2	0
1789	0	1228
777	0	1229
777	1	0
1792	2	0
1793	0	1230
777	0	1231
777	1	0
1796	2	0
1797	0	1232
777	0	1233
777	1	0
1800	2	0
1801	0	1234
777	0	1235
777	1	0
1804	2	0
1805	0	1236
777	0	1237
777	1	0
1808	2	0
1809	0	1238
777	0	1239
777	1	0
1812	2	0
1813	0	1240
777	0	1241
777	1	0
1816	2	0
1817	0	1242
777	0	1243
777	1	0
1820	2	0
1821	0	1244
777	0	1245
777	1	0
1824	2	0
1825	0	1246
777	0	1247
777	1	0
1828	2	0
1829	0	1248
777	0	1249
777	1	0
1832	2	0
1833	0	1250
777	0	1251
777	1	0
1836	2	0
1837	0	1252
777	0	1253
777	1	0
1840	2	0
1841	0	1254
777	0	1255
777	1	0
1844	2	0
1845	0	1256
777	0	1257
777	1	0
1848	2	0
1849	0	1258
777	0	1259
777	1	0
1852	2	0
1853	0	1260
777	0	1261
777	1	0
1856	2	0
1857	0	1262
777	0	1263
777	1	0
1860	2	0
1861	0	1264
777	0	1265
777	1	0
1864	2	0
1865	0	1266
777	0	1267
777	1	0
1868	2	0
1869	0	1268
777	0	1269
777	1	0
1872	2	0
1873	0	1270
777	0	1271
777	1	0
1876	2	0
1877	0	1272
777	0	1273
777	1	0
1880	2	0
1881	0	1274
777	0	1275
777	1	0
1884	2	0
1885	0	1276
777	0	1277
777	1	0
1888	2	0
1889	0	1278
777	0	1279
777	1	0
1892	2	0
1893	0	1280
777	0	1281
777	1	0
1896	2	0
1897	0	1282
777	0	1283
777	1	0
1900	2	0
1901	0	1284
777	0	1285
777	1	0
1904	2	0
1905	0	1286
777	0	1287
777	1	0
1908	2	0
1909	0	1288
777	0	1289
777	1	0
1912	2	0
1913	0	1290
777	0	1291
777	1	0
1916	2	0
1917	0	1292
777	0	1293
777	1	0
1920	2	0
1921	0	1294
777	0	1295
777	1	0
1924	2	0
1925	0	1296
777	0	1297
777	1	0
1928	2	0
1929	0	1298
777	0	1299
777	1	0
1932	2	0
1933	0	1300
777	0	1301
777	1	0
1936	2	0
1937	0	1302
777	0	1303
777	1	0
1940	2	0
1941	0	1304
777	0	1305
777	1	0
1944	2	0
1945	0	1306
777	0	1307
777	1	0
1948	2	0
1949	0	1308
777	0	1309
777	1	0
1952	2	0
1953	0	1310
777	0	1311
777	1	0
1956	2	0
1957	0	1312
777	0	1313
0	0	1314
0	0	1315
